No.1
2
1
1
1
1
2
2
2

No.2
2 
2 
2 
1 
12
11

No.3
2 
1 
12
12
12

No.4
2 
2 
2 
1 
11
12

No.5
2 
2 
12
11
12

No.6
2 
2 
11
12
12

No.7
22
12
11
12

No.8
22
11
12
12

No.9
 2
 2
12
11
12

No.10
 2
 2
11
12
12

No.11
2 
2 
21
11
12

No.12
22
21
11
12

No.13
 2
 2
21
11
12

No.14
 2
 2
 2
 1
11
12

No.15
2 
1 
1 
1 
12
22

No.16
2 
2 
1 
1 
11
22

No.17
2 
1 
12
11
22

No.18
2 
1 
11
12
22

No.19
12
12
11
22

No.20
12
11
12
22

No.21
2 
2 
11
11
22

No.22
22
11
11
22

No.23
21
11
12
22

No.24
 2
 1
11
12
22

No.25
2 
1 
1 
1 
1 
2 
22

No.26
2  
2  
2  
12 
111

No.27
2  
2  
122
111

No.28
2 2
122
111

No.29
22 
212
111

No.30
 2 
 2 
 2 
21 
111

No.31
 2 
 2 
212
111

No.32
2  
2  
1  
12 
112

No.33
2  
12 
12 
112

No.34
2  
1  
122
112

No.35
 2 
12 
12 
112

No.36
2  
22 
11 
112

No.37
 2 
22 
11 
112

No.38
22 
112
112

No.39
 2 
 2 
 2 
11 
112

No.40
 2 
 2 
112
112

No.41
 2 
21 
21 
112

No.42
22 
211
112

No.43
 2 
 2 
 1 
21 
112

No.44
 2 
 1 
212
112

No.45
 2 
 2 
211
112

No.46
 22
211
112

No.47
 2 
 2 
 2 
 1 
 1 
112

No.48
 2 
 2 
 1 
 12
112

No.49
 2 
 12
 12
112

No.50
 2 
 2 
 2 
 11
112

No.51
 2 
 22
 11
112

No.52
  2
 22
 11
112

No.53
  2
  2
  2
 11
112

No.54
2  
1  
1  
12 
122

No.55
2  
1  
1  
1 2
122

No.56
2  
2  
1  
11 
122

No.57
2  
12 
11 
122

No.58
2  
1  
112
122

No.59
2  
11 
12 
122

No.60
 2 
12 
11 
122

No.61
12 
112
122

No.62
 2 
11 
12 
122

No.63
2  
21 
11 
122

No.64
2  
2  
111
122

No.65
 2 
21 
11 
122

No.66
21 
112
122

No.67
22 
111
122

No.68
2 2
111
122

No.69
 2 
 2 
 1 
11 
122

No.70
 2 
 1 
112
122

No.71
 2 
 2 
111
122

No.72
 22
111
122

No.73
  2
  2
111
122

No.74
2  
12 
11 
212

No.75
 2 
12 
11 
212

No.76
12 
112
212

No.77
 2 
21 
11 
212

No.78
22 
111
212

No.79
 2 
 2 
 1 
11 
212

No.80
 2 
 1 
112
212

No.81
 2 
 2 
111
212

No.82
 2 
11 
21 
212

No.83
 2 
 1 
 1 
21 
212

No.84
2  
1  
1  
1  
1  
222

No.85
2  
1  
1  
11 
222

No.86
1  
12 
11 
222

No.87
2  
11 
11 
222

No.88
2  
1  
111
222

No.89
 2 
11 
11 
222

No.90
12 
111
222

No.91
1 2
111
222

No.92
 1 
21 
11 
222

No.93
21 
111
222

No.94
 2 
 1 
 1 
11 
222

No.95
 2 
 1 
111
222

No.96
 2 
 1 
 1 
 1 
 1 
222

No.97
2   
122 
1112

No.98
 2  
122 
1112

No.99
  2 
122 
1112

No.100
  2 
  2 
1 2 
1112

No.101
 2  
212 
1112

No.102
  2 
221 
1112

No.103
 2  
 2  
 12 
1112

No.104
 22 
 12 
1112

No.105
 2  
 122
1112

No.106
  2 
  2 
 12 
1112

No.107
 22 
 21 
1112

No.108
  2 
  2 
 21 
1112

No.109
  2 
 212
1112

No.110
  2 
  2 
  2 
  1 
1112

No.111
  2 
  2 
  12
1112

No.112
2   
1   
12  
1122

No.113
12  
12  
1122

No.114
1   
12 2
1122

No.115
22  
11  
1122

No.116
 2  
 2  
11  
1122

No.117
 2  
112 
1122

No.118
 2  
11 2
1122

No.119
 2  
 1  
21  
1122

No.120
 2  
211 
1122

No.121
 2  
 2  
 1  
 1  
1122

No.122
 2  
 1  
 12 
1122

No.123
 2  
 1  
 1 2
1122

No.124
 2  
 2  
 11 
1122

No.125
 22 
 11 
1122

No.126
 2  
 112
1122

No.127
  2 
  2 
 11 
1122

No.128
  2 
 112
1122

No.129
2   
1   
1   
1   
1222

No.130
2   
1   
11  
1222

No.131
12  
11  
1222

No.132
21  
11  
1222

No.133
2   
111 
1222

No.134
 2  
 1  
11  
1222

No.135
 2  
111 
1222

No.136
  2 
111 
1222

No.137
 2  
112 
2112

No.138
 2  
 1  
 12 
2112

No.139
 22 
 11 
2112

No.140
12  
11  
2122

No.141
 2  
 1  
11  
2122

No.142
 2  
111 
2122

No.143
 2  
 1  
 1  
 1  
2122

No.144
 2  
 1  
 11 
2122

No.145
 21 
 11 
2122

No.146
 2  
 111
2122

No.147
 222 
11112

No.148
  2  
  22 
11112

No.149
   2 
  22 
11112

No.150
   2 
   2 
   2 
11112

No.151
122  
11122

No.152
  2  
1 2  
11122

No.153
1 2 2
11122

No.154
 2   
 12  
11122

No.155
  2  
 12  
11122

No.156
 12 2
11122

No.157
  2  
 21  
11122

No.158
  2  
  2  
  1  
11122

No.159
  2  
  12 
11122

No.160
  2  
  1 2
11122

No.161
1    
12   
11222

No.162
 2   
11   
11222

No.163
 2   
 1   
 1   
11222

No.164
 2   
 11  
11222

No.165
  2  
 11  
11222

No.166
  22  
111122

No.167
   2  
   2  
111122

No.168
   2 2
111122

No.169
1 2   
111222

No.170
 12   
111222

No.171
  2   
  1   
111222

Tried 4294 cases and found 171 solutions.
