No.1
2 
2 
2 
12
11
12

No.2
2 
2 
2 
11
12
12

No.3
2 
22
11
12
12

No.4
 2
22
11
12
12

No.5
 2
 2
 2
11
12
12

No.6
 2
 2
 2
21
11
12

No.7
2 
2 
2 
1 
1 
11
22

No.8
2 
2 
1 
12
11
22

No.9
2 
2 
1 
11
12
22

No.10
2 
12
12
11
22

No.11
2 
12
11
12
22

No.12
 2
12
12
11
22

No.13
 2
12
11
12
22

No.14
2 
2 
2 
11
11
22

No.15
2 
22
11
11
22

No.16
2 
21
11
12
22

No.17
 2
21
11
12
22

No.18
 2
 2
 1
11
12
22

No.19
2  
2  
2  
122
111

No.20
2  
2 2
122
111

No.21
 2 
 2 
 2 
212
111

No.22
2  
2  
2  
1  
12 
112

No.23
2  
2  
1  
122
112

No.24
2  
22 
112
112

No.25
 2 
22 
112
112

No.26
 2 
 2 
 2 
112
112

No.27
 2 
21 
212
112

No.28
 2 
 2 
 2 
 1 
21 
112

No.29
 2 
 2 
 1 
212
112

No.30
 2 
 12
212
112

No.31
 2 
 2 
 2 
211
112

No.32
 2 
 22
211
112

No.33
  2
 22
211
112

No.34
 2 
 2 
 2 
 1 
 12
112

No.35
 2 
 2 
 12
 12
112

No.36
2  
2  
2  
1  
11 
122

No.37
2  
2  
12 
11 
122

No.38
2  
2  
1  
112
122

No.39
2  
2  
11 
12 
122

No.40
22 
12 
11 
122

No.41
2  
12 
112
122

No.42
22 
11 
12 
122

No.43
 2 
 2 
12 
11 
122

No.44
 2 
12 
112
122

No.45
 2 
 2 
11 
12 
122

No.46
2  
2  
21 
11 
122

No.47
2  
2  
2  
111
122

No.48
22 
21 
11 
122

No.49
2  
21 
112
122

No.50
2  
22 
111
122

No.51
2  
2 2
111
122

No.52
 2 
 2 
21 
11 
122

No.53
 2 
21 
112
122

No.54
 2 
22 
111
122

No.55
222
111
122

No.56
  2
2 2
111
122

No.57
 2 
 2 
 2 
 1 
11 
122

No.58
 2 
 2 
 1 
112
122

No.59
 2 
 2 
 2 
111
122

No.60
 2 
 22
111
122

No.61
  2
 22
111
122

No.62
  2
  2
  2
111
122

No.63
2  
2  
12 
11 
212

No.64
22 
12 
11 
212

No.65
2  
12 
112
212

No.66
 2 
 2 
12 
11 
212

No.67
 2 
12 
112
212

No.68
22 
21 
11 
212

No.69
2  
22 
111
212

No.70
 2 
 2 
21 
11 
212

No.71
 2 
21 
112
212

No.72
 2 
22 
111
212

No.73
222
111
212

No.74
 2 
 2 
 2 
 1 
11 
212

No.75
 2 
 2 
 1 
112
212

No.76
 2 
 12
112
212

No.77
 2 
 2 
 2 
111
212

No.78
22 
11 
21 
212

No.79
 2 
 2 
11 
21 
212

No.80
 2 
11 
212
212

No.81
 2 
 1 
21 
21 
212

No.82
 2 
 1 
 1 
212
212

No.83
2  
2  
1  
1  
11 
222

No.84
2  
1  
12 
11 
222

No.85
12 
12 
11 
222

No.86
2  
2  
11 
11 
222

No.87
2  
2  
1  
111
222

No.88
22 
11 
11 
222

No.89
2  
12 
111
222

No.90
2  
1 2
111
222

No.91
 2 
 2 
11 
11 
222

No.92
 2 
12 
111
222

No.93
122
111
222

No.94
  2
1 2
111
222

No.95
21 
21 
11 
222

No.96
2  
21 
111
222

No.97
 2 
 1 
21 
11 
222

No.98
 2 
21 
111
222

No.99
212
111
222

No.100
 2 
 2 
 1 
 1 
11 
222

No.101
 2 
 2 
 1 
111
222

No.102
2   
2   
122 
1112

No.103
2 2 
122 
1112

No.104
22  
212 
1112

No.105
2 2 
221 
1112

No.106
 2  
 2  
212 
1112

No.107
 22 
212 
1112

No.108
 2  
2122
1112

No.109
  2 
  2 
221 
1112

No.110
  2 
2212
1112

No.111
 2  
 2  
 2  
 12 
1112

No.112
 2  
 2  
 122
1112

No.113
 22 
 212
1112

No.114
  2 
  2 
  2 
 21 
1112

No.115
  2 
  2 
 212
1112

No.116
  2 
  2 
  2 
  12
1112

No.117
2   
2   
1   
12  
1122

No.118
2   
12  
12  
1122

No.119
2   
1   
12 2
1122

No.120
 2  
12  
12  
1122

No.121
12  
12 2
1122

No.122
2   
22  
11  
1122

No.123
 2  
22  
11  
1122

No.124
22  
112 
1122

No.125
22  
11 2
1122

No.126
 2  
 2  
 2  
11  
1122

No.127
 2  
 2  
112 
1122

No.128
 2  
 2  
11 2
1122

No.129
 2  
21  
21  
1122

No.130
22  
211 
1122

No.131
 2  
 2  
 1  
21  
1122

No.132
 2  
 1  
212 
1122

No.133
 2  
 1  
21 2
1122

No.134
 2  
 2  
211 
1122

No.135
 22 
211 
1122

No.136
 2  
2112
1122

No.137
 2  
 2  
 2  
 1  
 1  
1122

No.138
 2  
 2  
 1  
 12 
1122

No.139
 2  
 2  
 1  
 1 2
1122

No.140
 2  
 2  
 2  
 11 
1122

No.141
 2  
 22 
 11 
1122

No.142
 2  
 2  
 112
1122

No.143
  2 
 22 
 11 
1122

No.144
 22 
 112
1122

No.145
  2 
  2 
  2 
 11 
1122

No.146
  2 
  2 
 112
1122

No.147
2   
2   
1   
11  
1222

No.148
2   
12  
11  
1222

No.149
 2  
12  
11  
1222

No.150
2   
21  
11  
1222

No.151
2   
2   
111 
1222

No.152
 2  
21  
11  
1222

No.153
22  
111 
1222

No.154
2 2 
111 
1222

No.155
 2  
 2  
 1  
11  
1222

No.156
 2  
 2  
111 
1222

No.157
 22 
111 
1222

No.158
  2 
  2 
111 
1222

No.159
22  
112 
2112

No.160
 2  
 2  
112 
2112

No.161
 22 
112 
2112

No.162
 2  
1122
2112

No.163
 2  
 1  
212 
2112

No.164
 22 
211 
2112

No.165
  2 
  1 
221 
2112

No.166
 2  
 2  
 1  
 12 
2112

No.167
 2  
 12 
 12 
2112

No.168
 2  
 22 
 11 
2112

No.169
2   
12  
11  
2122

No.170
 2  
12  
11  
2122

No.171
12  
112 
2122

No.172
12  
11 2
2122

No.173
 2  
21  
11  
2122

No.174
22  
111 
2122

No.175
 2  
 2  
 1  
11  
2122

No.176
 2  
 1  
112 
2122

No.177
 2  
 1  
11 2
2122

No.178
 2  
 2  
111 
2122

No.179
 22 
111 
2122

No.180
 2  
1112
2122

No.181
 2  
11  
21  
2122

No.182
 2  
 1  
 1  
21  
2122

No.183
 2  
 1  
211 
2122

No.184
 21 
211 
2122

No.185
 2  
2111
2122

No.186
 2  
 1  
 1  
 12 
2122

No.187
 2  
 1  
 1  
 1 2
2122

No.188
 2  
 2  
 1  
 11 
2122

No.189
 2  
 12 
 11 
2122

No.190
 2  
 1  
 112
2122

No.191
 2  
 11 
 12 
2122

No.192
 2  
 21 
 11 
2122

No.193
 2  
 2  
 111
2122

No.194
  2 
 21 
 11 
2122

No.195
 21 
 112
2122

No.196
 22 
 111
2122

No.197
 2 2
 111
2122

No.198
2    
122  
11122

No.199
 2   
122  
11122

No.200
  2  
122  
11122

No.201
122 2
11122

No.202
  2  
  2  
1 2  
11122

No.203
  2  
1 2 2
11122

No.204
 2   
212  
11122

No.205
  2  
221  
11122

No.206
 2   
 2   
 12  
11122

No.207
 22  
 12  
11122

No.208
 2   
 12 2
11122

No.209
  2  
  2  
 12  
11122

No.210
  2  
 12 2
11122

No.211
 22  
 21  
11122

No.212
  2  
  2  
 21  
11122

No.213
  2  
 212 
11122

No.214
  2  
 21 2
11122

No.215
  2  
  2  
  2  
  1  
11122

No.216
  2  
  2  
  12 
11122

No.217
  2  
  2  
  1 2
11122

No.218
2    
1    
12   
11222

No.219
12   
12   
11222

No.220
22   
11   
11222

No.221
 2   
 2   
11   
11222

No.222
 2   
 1   
21   
11222

No.223
 2   
211  
11222

No.224
 2   
 2   
 1   
 1   
11222

No.225
 2   
 2   
 11  
11222

No.226
 22  
 11  
11222

No.227
  2  
  2  
 11  
11222

No.228
 2   
 122 
21112

No.229
  2  
 212 
21112

No.230
 2   
112  
21122

No.231
 2   
 1   
 12  
21122

No.232
 22  
 11  
21122

No.233
  2  
  1  
 21  
21122

No.234
  2  
 211 
21122

No.235
12   
11   
21222

No.236
 2   
 1   
11   
21222

No.237
 2   
111  
21222

No.238
 2   
 1   
 1   
 1   
21222

No.239
 2   
 1   
 11  
21222

No.240
 21  
 11  
21222

No.241
 2   
 111 
21222

No.242
  2  
111  
22122

No.243
 12  
 11  
22122

No.244
  2  
  1  
 11  
22122

No.245
  2  
 111 
22122

No.246
  2  
  1  
  1  
  1  
22122

No.247
 222  
111122

No.248
  2   
  22  
111122

No.249
   2  
  22  
111122

No.250
  22 2
111122

No.251
   2  
   2  
   2  
111122

No.252
   2  
   2 2
111122

No.253
122   
111222

No.254
  2   
1 2   
111222

No.255
 2    
 12   
111222

No.256
  2   
 12   
111222

No.257
  2   
 21   
111222

No.258
  2   
  2   
  1   
111222

Tried 13944 cases and found 258 solutions.
