No.1
 2
22
11
12
11

No.2
 2
 2
 2
11
12
11

No.3
2 
11
12
12
12

No.4
 2
12
12
11
12

No.5
 2
12
11
12
12

No.6
 2
11
12
12
12

No.7
2 
2 
2 
11
11
12

No.8
2 
21
11
12
12

No.9
 2
21
11
12
12

No.10
 2
 2
 2
11
11
12

No.11
 2
 2
 1
11
12
12

No.12
2 
21
21
11
12

No.13
 2
 2
 1
21
11
12

No.14
 2
 2
 2
 1
 1
11
12

No.15
1 
12
12
11
22

No.16
1 
12
11
12
22

No.17
2 
2 
1 
11
11
22

No.18
2 
11
12
11
22

No.19
2 
11
11
12
22

No.20
 2
12
11
11
22

No.21
 2
11
12
11
22

No.22
 2
11
11
12
22

No.23
 1
21
11
12
22

No.24
 2
 1
 1
11
12
22

No.25
2  
2  
2  
1  
12 
111

No.26
2  
2  
1  
122
111

No.27
2  
1 2
122
111

No.28
2  
2  
2  
121
111

No.29
2  
2 2
121
111

No.30
 2 
 2 
 2 
112
111

No.31
12 
12 
12 
112

No.32
22 
11 
12 
112

No.33
2  
11 
122
112

No.34
 2 
 2 
12 
11 
112

No.35
 2 
12 
112
112

No.36
 2 
 2 
11 
12 
112

No.37
 2 
11 
122
112

No.38
2  
22 
111
112

No.39
222
111
112

No.40
 2 
 2 
 2 
 1 
11 
112

No.41
 2 
 2 
 1 
112
112

No.42
 2 
 12
112
112

No.43
 2 
 2 
 2 
111
112

No.44
 2 
 22
111
112

No.45
  2
 22
111
112

No.46
  2
  2
  2
111
112

No.47
22 
11 
21 
112

No.48
 2 
11 
212
112

No.49
221
211
112

No.50
 2 
 11
212
112

No.51
 2 
 21
211
112

No.52
  2
 21
211
112

No.53
 22
 11
 12
112

No.54
  2
  2
 12
 11
112

No.55
  2
  2
 11
 12
112

No.56
 2 
 2 
 21
 11
112

No.57
  2
  2
 21
 11
112

No.58
  2
  2
  2
  1
 11
112

No.59
2  
2  
2  
111
121

No.60
2  
22 
111
121

No.61
2  
2 2
111
121

No.62
 2 
22 
111
121

No.63
222
111
121

No.64
 2 
 2 
 2 
111
121

No.65
12 
12 
11 
122

No.66
1  
12 
112
122

No.67
12 
11 
12 
122

No.68
2  
2  
11 
11 
122

No.69
2  
2  
1  
111
122

No.70
2  
11 
112
122

No.71
2  
12 
111
122

No.72
2  
1 2
111
122

No.73
21 
11 
12 
122

No.74
 2 
 2 
11 
11 
122

No.75
 2 
11 
112
122

No.76
 2 
12 
111
122

No.77
122
111
122

No.78
  2
1 2
111
122

No.79
 2 
 1 
11 
12 
122

No.80
21 
21 
11 
122

No.81
2  
21 
111
122

No.82
2  
2 1
111
122

No.83
 2 
 1 
21 
11 
122

No.84
 1 
21 
112
122

No.85
 2 
21 
111
122

No.86
212
111
122

No.87
211
112
122

No.88
221
111
122

No.89
  2
2 1
111
122

No.90
 2 
 2 
 1 
 1 
11 
122

No.91
 2 
 1 
 1 
112
122

No.92
 2 
 2 
 1 
111
122

No.93
 2 
 12
111
122

No.94
 2 
 11
112
122

No.95
  2
 12
111
122

No.96
  2
 11
112
122

No.97
 2 
 21
111
122

No.98
  2
 21
111
122

No.99
  2
  2
  1
111
122

No.100
2  
1  
12 
11 
212

No.101
12 
12 
11 
212

No.102
1  
12 
112
212

No.103
2  
12 
111
212

No.104
 2 
 2 
11 
11 
212

No.105
 2 
11 
112
212

No.106
 2 
12 
111
212

No.107
122
111
212

No.108
 2 
 11
112
212

No.109
12 
11 
21 
212

No.110
1  
1  
12 
11 
222

No.111
2  
1  
11 
11 
222

No.112
2  
1  
1  
111
222

No.113
12 
11 
11 
222

No.114
11 
12 
11 
222

No.115
1  
12 
111
222

No.116
1  
1 2
111
222

No.117
21 
11 
11 
222

No.118
2  
11 
111
222

No.119
2  
1 1
111
222

No.120
 2 
 1 
11 
11 
222

No.121
 2 
11 
111
222

No.122
112
111
222

No.123
121
111
222

No.124
11 
21 
11 
222

No.125
 1 
 1 
21 
11 
222

No.126
 1 
21 
111
222

No.127
2   
2   
2   
12  
1111

No.128
2   
2   
122 
1111

No.129
2 2 
122 
1111

No.130
2   
1222
1111

No.131
22  
212 
1111

No.132
2 2 
221 
1111

No.133
 2  
 2  
 2  
21  
1111

No.134
 2  
 2  
212 
1111

No.135
 2  
2122
1111

No.136
  2 
  2 
221 
1111

No.137
 2  
 2  
 2  
 12 
1111

No.138
2   
1   
122 
1112

No.139
12  
122 
1112

No.140
1 2 
122 
1112

No.141
  2 
1 2 
1 2 
1112

No.142
2 2 
121 
1112

No.143
 2  
 2  
112 
1112

No.144
 22 
112 
1112

No.145
 2  
1122
1112

No.146
  2 
  2 
112 
1112

No.147
 22 
121 
1112

No.148
  2 
  2 
121 
1112

No.149
  2 
1212
1112

No.150
  2 
  2 
  2 
1 1 
1112

No.151
  2 
  2 
1 12
1112

No.152
  2 
  1 
221 
1112

No.153
  2 
2211
1112

No.154
  2 
 12 
 12 
1112

No.155
  2 
  2 
  2 
 11 
1112

No.156
  2 
  2 
 112
1112

No.157
 22 
 211
1112

No.158
  2 
  2 
  1 
 21 
1112

No.159
  2 
  1 
 212
1112

No.160
  2 
  2 
 211
1112

No.161
  22
 211
1112

No.162
  2 
  2 
  2 
  1 
  1 
1112

No.163
  2 
  2 
  1 
  12
1112

No.164
  2 
  12
  12
1112

No.165
  2 
  2 
  2 
  11
1112

No.166
  2 
  22
  11
1112

No.167
   2
  22
  11
1112

No.168
   2
   2
   2
  11
1112

No.169
1   
12  
12  
1122

No.170
1   
1   
12 2
1122

No.171
2   
11  
12  
1122

No.172
 2  
12  
11  
1122

No.173
12  
112 
1122

No.174
12  
11 2
1122

No.175
 2  
11  
12  
1122

No.176
11  
12 2
1122

No.177
22  
111 
1122

No.178
 2  
 2  
 1  
11  
1122

No.179
 2  
 1  
112 
1122

No.180
 2  
 1  
11 2
1122

No.181
 2  
 2  
111 
1122

No.182
 22 
111 
1122

No.183
 2  
1112
1122

No.184
  2 
  2 
111 
1122

No.185
  2 
1112
1122

No.186
 2  
11  
21  
1122

No.187
 21 
211 
1122

No.188
 2  
2111
1122

No.189
 2  
 11 
 12 
1122

No.190
  2 
 12 
 11 
1122

No.191
 12 
 112
1122

No.192
  2 
 11 
 12 
1122

No.193
 2  
 21 
 11 
1122

No.194
 2  
 2  
 111
1122

No.195
  2 
 21 
 11 
1122

No.196
 21 
 112
1122

No.197
 22 
 111
1122

No.198
 2 2
 111
1122

No.199
  2 
  2 
  1 
 11 
1122

No.200
  2 
  1 
 112
1122

No.201
  2 
  2 
 111
1122

No.202
  22
 111
1122

No.203
   2
   2
 111
1122

No.204
2 2 
111 
1212

No.205
 22 
111 
1212

No.206
  2 
  2 
111 
1212

No.207
  2 
1112
1212

No.208
1   
12  
11  
1222

No.209
2   
11  
11  
1222

No.210
2   
1   
111 
1222

No.211
 2  
11  
11  
1222

No.212
12  
111 
1222

No.213
1 2 
111 
1222

No.214
 1  
21  
11  
1222

No.215
21  
111 
1222

No.216
2 1 
111 
1222

No.217
2   
1111
1222

No.218
 2  
 1  
 1  
11  
1222

No.219
 2  
 1  
111 
1222

No.220
 12 
111 
1222

No.221
 21 
111 
1222

No.222
 2  
1111
1222

No.223
  2 
  1 
111 
1222

No.224
  2 
1111
1222

No.225
   2
1111
1222

No.226
12  
112 
2112

No.227
 22 
111 
2112

No.228
 2  
 11 
 12 
2112

No.229
1   
12  
11  
2122

No.230
 2  
11  
11  
2122

No.231
12  
111 
2122

No.232
 21 
111 
2122

No.233
 2  
1111
2122

No.234
 2  
 11 
 11 
2122

No.235
 2  
 1  
 111
2122

No.236
  1 
 21 
 11 
2122

No.237
 21 
 111
2122

No.238
 2 1
 111
2122

No.239
1222 
11112

No.240
  2  
1 22 
11112

No.241
   2 
1 22 
11112

No.242
   2 
   2 
1  2 
11112

No.243
 2   
 122 
11112

No.244
  2  
 122 
11112

No.245
   2 
 122 
11112

No.246
   2 
   2 
 1 2 
11112

No.247
  2  
 212 
11112

No.248
   2 
 221 
11112

No.249
  2  
  2  
  12 
11112

No.250
  22 
  12 
11112

No.251
  2  
  122
11112

No.252
   2 
   2 
  12 
11112

No.253
  22 
  21 
11112

No.254
   2 
   2 
  21 
11112

No.255
   2 
  212
11112

No.256
   2 
   2 
   2 
   1 
11112

No.257
   2 
   2 
   12
11112

No.258
1    
122  
11122

No.259
1 2  
1 2  
11122

No.260
1    
1 2 2
11122

No.261
 2   
112  
11122

No.262
  2  
112  
11122

No.263
112 2
11122

No.264
  2  
121  
11122

No.265
  2  
  2  
1 1  
11122

No.266
  2  
1 12 
11122

No.267
  2  
1 1 2
11122

No.268
 12  
 12  
11122

No.269
 1   
 12 2
11122

No.270
  2  
  2  
 11  
11122

No.271
  2  
 112 
11122

No.272
  2  
 11 2
11122

No.273
  2  
  1  
 21  
11122

No.274
  2  
 211 
11122

No.275
  2  
  2  
  1  
  1  
11122

No.276
  2  
  1  
  12 
11122

No.277
  2  
  1  
  1 2
11122

No.278
  2  
  2  
  11 
11122

No.279
  22 
  11 
11122

No.280
  2  
  112
11122

No.281
   2 
   2 
  11 
11122

No.282
   2 
  112
11122

No.283
1    
1    
12   
11222

No.284
12   
11   
11222

No.285
11   
12   
11222

No.286
 2   
 1   
11   
11222

No.287
 2   
111  
11222

No.288
  2  
111  
11222

No.289
 12  
 11  
11222

No.290
 21  
 11  
11222

No.291
 2   
 111 
11222

No.292
  2  
  1  
 11  
11222

No.293
  2  
 111 
11222

No.294
   2 
 111 
11222

No.295
  2  
111  
12122

No.296
  222 
111112

No.297
   2  
   22 
111112

No.298
    2 
   22 
111112

No.299
    2 
    2 
    2 
111112

No.300
1 22  
111122

No.301
   2  
1  2  
111122

No.302
1  2 2
111122

No.303
 122  
111122

No.304
   2  
 1 2  
111122

No.305
 1 2 2
111122

No.306
  2   
  12  
111122

No.307
   2  
  12  
111122

No.308
  12 2
111122

No.309
   2  
  21  
111122

No.310
   2  
   2  
   1  
111122

No.311
   2  
   12 
111122

No.312
   2  
   1 2
111122

No.313
1     
1 2   
111222

No.314
112   
111222

No.315
  2   
1 1   
111222

No.316
 1    
 12   
111222

No.317
  2   
 11   
111222

No.318
  2   
  1   
  1   
111222

No.319
  2   
  11  
111222

No.320
   2  
  11  
111222

Tried 13944 cases and found 320 solutions.
