No.1
22
11
12
12
12

No.2
 2
 2
12
11
12
12

No.3
 2
 2
11
12
12
12

No.4
2 
2 
21
11
12
12

No.5
 2
 2
21
11
12
12

No.6
 2
 2
 2
 1
11
12
12

No.7
 2
 2
 2
 1
21
11
12

No.8
12
12
12
11
22

No.9
12
12
11
12
22

No.10
2 
2 
2 
1 
11
11
22

No.11
2 
2 
11
11
12
22

No.12
22
11
12
11
22

No.13
 2
 2
12
11
11
22

No.14
 2
 2
11
12
11
22

No.15
 2
 2
11
11
12
22

No.16
21
21
11
12
22

No.17
 2
 1
21
11
12
22

No.18
 2
 2
 1
 1
11
12
22

No.19
2  
2  
2  
1  
122
111

No.20
2  
2  
1 2
122
111

No.21
2  
2  
2 2
121
111

No.22
2 2
2 2
121
111

No.23
 2 
22 
11 
12 
112

No.24
22 
11 
122
112

No.25
 2 
 2 
12 
112
112

No.26
 2 
 2 
 2 
11 
12 
112

No.27
 2 
 2 
11 
122
112

No.28
 2 
 2 
 2 
 1 
112
112

No.29
 2 
 2 
 12
112
112

No.30
2  
22 
11 
21 
112

No.31
22 
11 
212
112

No.32
 2 
112
212
112

No.33
 2 
211
212
112

No.34
  2
221
211
112

No.35
 22
 11
212
112

No.36
 2 
 2 
 21
211
112

No.37
  2
  2
 21
211
112

No.38
  2
 22
 11
 12
112

No.39
  2
  2
  2
 11
 12
112

No.40
  2
  2
  2
 21
 11
112

No.41
2  
2  
2 2
111
121

No.42
2 2
2 2
111
121

No.43
 2 
12 
12 
11 
122

No.44
12 
12 
112
122

No.45
 2 
12 
11 
12 
122

No.46
2  
2  
2  
11 
11 
122

No.47
2  
2  
2  
1  
111
122

No.48
2  
2  
11 
112
122

No.49
2  
2  
12 
111
122

No.50
2  
2  
1 2
111
122

No.51
2  
21 
11 
12 
122

No.52
2  
122
111
122

No.53
2 2
1 2
111
122

No.54
 2 
21 
11 
12 
122

No.55
 2 
 2 
 2 
11 
11 
122

No.56
 2 
 2 
11 
112
122

No.57
 2 
 2 
12 
111
122

No.58
 2 
122
111
122

No.59
  2
122
111
122

No.60
  2
  2
1 2
111
122

No.61
 2 
 2 
 1 
11 
12 
122

No.62
2  
21 
21 
11 
122

No.63
2  
2  
21 
111
122

No.64
2  
2  
2 1
111
122

No.65
21 
21 
112
122

No.66
2  
212
111
122

No.67
2  
211
112
122

No.68
2  
221
111
122

No.69
2 2
2 1
111
122

No.70
 2 
 2 
 1 
21 
11 
122

No.71
 2 
 1 
21 
112
122

No.72
 2 
 2 
21 
111
122

No.73
 2 
212
111
122

No.74
 2 
211
112
122

No.75
  2
212
111
122

No.76
  2
211
112
122

No.77
 2 
221
111
122

No.78
  2
221
111
122

No.79
  2
  2
2 1
111
122

No.80
 2 
 2 
 2 
 1 
 1 
11 
122

No.81
 2 
 2 
 1 
 1 
112
122

No.82
 2 
 2 
 2 
 1 
111
122

No.83
 2 
 2 
 12
111
122

No.84
 2 
 2 
 11
112
122

No.85
 22
 12
111
122

No.86
 22
 11
112
122

No.87
  2
  2
 12
111
122

No.88
  2
  2
 11
112
122

No.89
 2 
 2 
 21
111
122

No.90
 22
 21
111
122

No.91
  2
  2
 21
111
122

No.92
  2
  2
  2
  1
111
122

No.93
2  
2  
1  
12 
11 
212

No.94
2  
1  
12 
112
212

No.95
 2 
12 
12 
11 
212

No.96
12 
12 
112
212

No.97
2  
2  
12 
111
212

No.98
2  
122
111
212

No.99
 2 
 2 
 2 
11 
11 
212

No.100
 2 
 2 
11 
112
212

No.101
 2 
112
112
212

No.102
 2 
 2 
12 
111
212

No.103
 2 
122
111
212

No.104
  2
122
111
212

No.105
 2 
211
112
212

No.106
 22
 11
112
212

No.107
2  
12 
11 
21 
212

No.108
 2 
12 
11 
21 
212

No.109
12 
11 
212
212

No.110
 2 
111
212
212

No.111
 2 
11 
21 
21 
212

No.112
1  
12 
12 
11 
222

No.113
2  
2  
1  
11 
11 
222

No.114
2  
2  
1  
1  
111
222

No.115
2  
11 
12 
11 
222

No.116
2  
1  
12 
111
222

No.117
2  
1  
1 2
111
222

No.118
 2 
12 
11 
11 
222

No.119
 2 
11 
12 
11 
222

No.120
12 
12 
111
222

No.121
1  
122
111
222

No.122
1 2
1 2
111
222

No.123
2  
21 
11 
11 
222

No.124
2  
2  
11 
111
222

No.125
2  
2  
1 1
111
222

No.126
2  
112
111
222

No.127
2  
121
111
222

No.128
2 2
1 1
111
222

No.129
 2 
 2 
 1 
11 
11 
222

No.130
 2 
 2 
11 
111
222

No.131
 2 
112
111
222

No.132
  2
112
111
222

No.133
 2 
121
111
222

No.134
2  
11 
21 
11 
222

No.135
 2 
11 
21 
11 
222

No.136
 1 
21 
21 
11 
222

No.137
21 
21 
111
222

No.138
 1 
212
111
222

No.139
2   
2   
2   
122 
1111

No.140
2   
2 2 
122 
1111

No.141
2   
2   
1222
1111

No.142
22  
2122
1111

No.143
  2 
2 2 
221 
1111

No.144
2 2 
2212
1111

No.145
 2  
 2  
 2  
212 
1111

No.146
 2  
 2  
2122
1111

No.147
  2 
  2 
  2 
221 
1111

No.148
2   
2   
1   
122 
1112

No.149
2   
1 2 
122 
1112

No.150
2   
2 2 
121 
1112

No.151
  2 
2 2 
121 
1112

No.152
2 2 
1212
1112

No.153
 2  
 2  
 2  
112 
1112

No.154
 2  
 2  
1122
1112

No.155
 22 
1212
1112

No.156
  2 
  2 
  2 
121 
1112

No.157
  2 
  2 
1212
1112

No.158
  2 
  2 
  2 
1 12
1112

No.159
  2 
2 1 
221 
1112

No.160
2 2 
2211
1112

No.161
  2 
  2 
  1 
221 
1112

No.162
  2 
  1 
2212
1112

No.163
  2 
  2 
2211
1112

No.164
  22
2211
1112

No.165
  2 
  2 
  2 
 112
1112

No.166
  2 
  2 
  2 
  1 
 21 
1112

No.167
  2 
  2 
  1 
 212
1112

No.168
  2 
  12
 212
1112

No.169
  2 
  2 
  2 
 211
1112

No.170
  2 
  22
 211
1112

No.171
   2
  22
 211
1112

No.172
  2 
  2 
  2 
  1 
  12
1112

No.173
  2 
  2 
  12
  12
1112

No.174
12  
12  
12  
1122

No.175
1   
12  
12 2
1122

No.176
22  
11  
12  
1122

No.177
2   
11  
12 2
1122

No.178
 2  
 2  
12  
11  
1122

No.179
 2  
12  
112 
1122

No.180
 2  
12  
11 2
1122

No.181
 2  
 2  
11  
12  
1122

No.182
 2  
11  
12 2
1122

No.183
2   
22  
111 
1122

No.184
222 
111 
1122

No.185
22  
1112
1122

No.186
 2  
 2  
 2  
 1  
11  
1122

No.187
 2  
 2  
 1  
112 
1122

No.188
 2  
 2  
 1  
11 2
1122

No.189
 2  
 2  
 2  
111 
1122

No.190
 2  
 22 
111 
1122

No.191
 2  
 2  
1112
1122

No.192
  2 
 22 
111 
1122

No.193
 22 
1112
1122

No.194
  2 
  2 
  2 
111 
1122

No.195
  2 
  2 
1112
1122

No.196
22  
11  
21  
1122

No.197
 2  
11  
212 
1122

No.198
 2  
11  
21 2
1122

No.199
221 
211 
1122

No.200
22  
2111
1122

No.201
 2  
 11 
212 
1122

No.202
 2  
 21 
211 
1122

No.203
 2  
 2  
2111
1122

No.204
  2 
 21 
211 
1122

No.205
 21 
2112
1122

No.206
 22 
2111
1122

No.207
 2 2
2111
1122

No.208
 22 
 11 
 12 
1122

No.209
  2 
  2 
 12 
 11 
1122

No.210
  2 
 12 
 112
1122

No.211
  2 
  2 
 11 
 12 
1122

No.212
 2  
 2  
 21 
 11 
1122

No.213
 2  
 2  
 2  
 111
1122

No.214
 2  
 21 
 112
1122

No.215
 2  
 22 
 111
1122

No.216
 2  
 2 2
 111
1122

No.217
  2 
  2 
 21 
 11 
1122

No.218
  2 
 21 
 112
1122

No.219
  2 
 22 
 111
1122

No.220
 222
 111
1122

No.221
   2
 2 2
 111
1122

No.222
  2 
  2 
  2 
  1 
 11 
1122

No.223
  2 
  2 
  1 
 112
1122

No.224
  2 
  2 
  2 
 111
1122

No.225
  2 
  22
 111
1122

No.226
   2
  22
 111
1122

No.227
   2
   2
   2
 111
1122

No.228
2   
2 2 
111 
1212

No.229
222 
111 
1212

No.230
  2 
2 2 
111 
1212

No.231
2 2 
1112
1212

No.232
 2  
 22 
111 
1212

No.233
  2 
 22 
111 
1212

No.234
 22 
1112
1212

No.235
  2 
  2 
  2 
111 
1212

No.236
  2 
  2 
1112
1212

No.237
12  
12  
11  
1222

No.238
2   
2   
11  
11  
1222

No.239
2   
2   
1   
111 
1222

No.240
2   
12  
111 
1222

No.241
2   
1 2 
111 
1222

No.242
 2  
 2  
11  
11  
1222

No.243
 2  
12  
111 
1222

No.244
122 
111 
1222

No.245
  2 
1 2 
111 
1222

No.246
21  
21  
11  
1222

No.247
2   
21  
111 
1222

No.248
2   
2 1 
111 
1222

No.249
2   
2   
1111
1222

No.250
 2  
 1  
21  
11  
1222

No.251
 2  
21  
111 
1222

No.252
212 
111 
1222

No.253
221 
111 
1222

No.254
22  
1111
1222

No.255
  2 
2 1 
111 
1222

No.256
2 2 
1111
1222

No.257
2  2
1111
1222

No.258
 2  
 2  
 1  
 1  
11  
1222

No.259
 2  
 2  
 1  
111 
1222

No.260
 2  
 12 
111 
1222

No.261
  2 
 12 
111 
1222

No.262
 2  
 21 
111 
1222

No.263
 2  
 2  
1111
1222

No.264
  2 
 21 
111 
1222

No.265
 22 
1111
1222

No.266
 2 2
1111
1222

No.267
  2 
  2 
  1 
111 
1222

No.268
  2 
  2 
1111
1222

No.269
  22
1111
1222

No.270
   2
   2
1111
1222

No.271
2   
12  
112 
2112

No.272
 2  
12  
112 
2112

No.273
122 
112 
2112

No.274
12  
1122
2112

No.275
222 
111 
2112

No.276
  2 
 22 
111 
2112

No.277
 22 
1112
2112

No.278
 2  
11  
212 
2112

No.279
 2  
 11 
212 
2112

No.280
  2 
 11 
221 
2112

No.281
 22 
 11 
 12 
2112

No.282
2   
1   
12  
11  
2122

No.283
12  
12  
11  
2122

No.284
1   
12  
112 
2122

No.285
1   
12  
11 2
2122

No.286
2   
12  
111 
2122

No.287
 2  
 2  
11  
11  
2122

No.288
 2  
11  
112 
2122

No.289
 2  
11  
11 2
2122

No.290
 2  
12  
111 
2122

No.291
122 
111 
2122

No.292
12  
1112
2122

No.293
221 
111 
2122

No.294
22  
1111
2122

No.295
 2  
 11 
112 
2122

No.296
 2  
 21 
111 
2122

No.297
 2  
 2  
1111
2122

No.298
  2 
 21 
111 
2122

No.299
 21 
1112
2122

No.300
 22 
1111
2122

No.301
 2 2
1111
2122

No.302
12  
11  
21  
2122

No.303
 2  
11  
211 
2122

No.304
 2  
 11 
211 
2122

No.305
 2  
 1  
2111
2122

No.306
  1 
 21 
211 
2122

No.307
 21 
2111
2122

No.308
 2 1
2111
2122

No.309
 2  
 2  
 11 
 11 
2122

No.310
 2  
 2  
 1  
 111
2122

No.311
 2  
 11 
 112
2122

No.312
 2  
 12 
 111
2122

No.313
 2  
 1 2
 111
2122

No.314
 21 
 11 
 12 
2122

No.315
 21 
 21 
 11 
2122

No.316
 2  
 21 
 111
2122

No.317
 2  
 2 1
 111
2122

No.318
  2 
  1 
 21 
 11 
2122

No.319
  1 
 21 
 112
2122

No.320
  2 
 21 
 111
2122

No.321
 212
 111
2122

No.322
 211
 112
2122

No.323
 221
 111
2122

No.324
   2
 2 1
 111
2122

No.325
2    
1222 
11112

No.326
 2   
2122 
11112

No.327
  2  
2212 
11112

No.328
   2 
2221 
11112

No.329
 2   
 2   
 122 
11112

No.330
 2 2 
 122 
11112

No.331
 2 2 
 221 
11112

No.332
  2  
  2  
 212 
11112

No.333
  22 
 212 
11112

No.334
  2  
 2122
11112

No.335
   2 
   2 
 221 
11112

No.336
   2 
 2212
11112

No.337
  2  
  2  
  2  
  12 
11112

No.338
  2  
  2  
  122
11112

No.339
  22 
  212
11112

No.340
   2 
   2 
   2 
  21 
11112

No.341
   2 
   2 
  212
11112

No.342
   2 
   2 
   2 
   12
11112

No.343
2    
1    
122  
11122

No.344
12   
122  
11122

No.345
1 2  
122  
11122

No.346
1    
122 2
11122

No.347
  2  
1 2  
1 2  
11122

No.348
1 2  
1 2 2
11122

No.349
2 2  
121  
11122

No.350
 2   
 2   
112  
11122

No.351
 22  
112  
11122

No.352
 2   
112 2
11122

No.353
  2  
  2  
112  
11122

No.354
  2  
112 2
11122

No.355
 22  
121  
11122

No.356
  2  
  2  
121  
11122

No.357
  2  
1212 
11122

No.358
  2  
121 2
11122

No.359
  2  
  2  
  2  
1 1  
11122

No.360
  2  
  2  
1 12 
11122

No.361
  2  
  2  
1 1 2
11122

No.362
  2  
  1  
221  
11122

No.363
  2  
2211 
11122

No.364
  2  
 12  
 12  
11122

No.365
 12  
 12 2
11122

No.366
  2  
  2  
  2  
 11  
11122

No.367
  2  
  2  
 112 
11122

No.368
  2  
  2  
 11 2
11122

No.369
 22  
 211 
11122

No.370
  2  
  2  
  1  
 21  
11122

No.371
  2  
  1  
 212 
11122

No.372
  2  
  1  
 21 2
11122

No.373
  2  
  2  
 211 
11122

No.374
  22 
 211 
11122

No.375
  2  
 2112
11122

No.376
  2  
  2  
  2  
  1  
  1  
11122

No.377
  2  
  2  
  1  
  12 
11122

No.378
  2  
  2  
  1  
  1 2
11122

No.379
  2  
  2  
  2  
  11 
11122

No.380
  2  
  22 
  11 
11122

No.381
  2  
  2  
  112
11122

No.382
   2 
  22 
  11 
11122

No.383
  22 
  112
11122

No.384
   2 
   2 
   2 
  11 
11122

No.385
   2 
   2 
  112
11122

No.386
1    
12   
12   
11222

No.387
2    
11   
12   
11222

No.388
 2   
12   
11   
11222

No.389
 2   
11   
12   
11222

No.390
22   
111  
11222

No.391
 2   
 2   
 1   
11   
11222

No.392
 2   
 2   
111  
11222

No.393
 22  
111  
11222

No.394
  2  
  2  
111  
11222

No.395
 2   
11   
21   
11222

No.396
 21  
211  
11222

No.397
 2   
2111 
11222

No.398
  2  
 12  
 11  
11222

No.399
 2   
 21  
 11  
11222

No.400
 2   
 2   
 111 
11222

No.401
  2  
 21  
 11  
11222

No.402
 22  
 111 
11222

No.403
 2 2 
 111 
11222

No.404
  2  
  2  
  1  
 11  
11222

No.405
  2  
  2  
 111 
11222

No.406
  22 
 111 
11222

No.407
   2 
   2 
 111 
11222

No.408
2 2  
111  
12122

No.409
 22  
111  
12122

No.410
  2  
  2  
111  
12122

No.411
  2  
1112 
12122

No.412
  2  
111 2
12122

No.413
 2   
1122 
21112

No.414
 2   
 1   
 122 
21112

No.415
 2 2 
 121 
21112

No.416
12   
112  
21122

No.417
 22  
111  
21122

No.418
 2   
 11  
 12  
21122

No.419
 22  
 111 
21122

No.420
  2  
 11  
 21  
21122

No.421
  21 
 211 
21122

No.422
  2  
 2111
21122

No.423
 2 2 
 111 
21212

No.424
1    
12   
11   
21222

No.425
 2   
11   
11   
21222

No.426
12   
111  
21222

No.427
 21  
111  
21222

No.428
 2   
1111 
21222

No.429
 2   
 11  
 11  
21222

No.430
 2   
 1   
 111 
21222

No.431
  1  
 21  
 11  
21222

No.432
 21  
 111 
21222

No.433
 2 1 
 111 
21222

No.434
 2   
 1111
21222

No.435
1 2  
111  
22122

No.436
 12  
111  
22122

No.437
  2  
  1  
111  
22122

No.438
  2  
1111 
22122

No.439
 1   
 12  
 11  
22122

No.440
  2  
 11  
 11  
22122

No.441
 12  
 111 
22122

No.442
1222  
111122

No.443
  2   
1 22  
111122

No.444
   2  
1 22  
111122

No.445
1 22 2
111122

No.446
   2  
   2  
1  2  
111122

No.447
   2  
1  2 2
111122

No.448
 2    
 122  
111122

No.449
  2   
 122  
111122

No.450
   2  
 122  
111122

No.451
 122 2
111122

No.452
   2  
   2  
 1 2  
111122

No.453
   2  
 1 2 2
111122

No.454
  2   
 212  
111122

No.455
   2  
 221  
111122

No.456
  2   
  2   
  12  
111122

No.457
  22  
  12  
111122

No.458
  2   
  12 2
111122

No.459
   2  
   2  
  12  
111122

No.460
   2  
  12 2
111122

No.461
  22  
  21  
111122

No.462
   2  
   2  
  21  
111122

No.463
   2  
  212 
111122

No.464
   2  
  21 2
111122

No.465
   2  
   2  
   2  
   1  
111122

No.466
   2  
   2  
   12 
111122

No.467
   2  
   2  
   1 2
111122

No.468
1     
122   
111222

No.469
1 2   
1 2   
111222

No.470
 2    
112   
111222

No.471
  2   
112   
111222

No.472
  2   
121   
111222

No.473
  2   
  2   
1 1   
111222

No.474
 12   
 12   
111222

No.475
  2   
  2   
 11   
111222

No.476
  2   
  1   
 21   
111222

No.477
  2   
 211  
111222

No.478
  2   
  2   
  1   
  1   
111222

No.479
  2   
  2   
  11  
111222

No.480
  22  
  11  
111222

No.481
   2  
   2  
  11  
111222

No.482
  2   
111   
121222

Tried 48426 cases and found 482 solutions.
